30machines / 1000noeuds / fenetre 80 

Ruby 1.8:
	4gateways:
		35.521475
		35.974845
		43.574203
		36.116064
		38.01487
		41.464541
		42.642974
		46.497096

	10gateways:
		48.491314
		42.869449
		44.722073
		41.935635

Ruby 1.9.1:
	4gateways:
		53.355143357
		60.223013655
		49.254065301
		55.650344124
		34.53927
		58.764595435
		56.112117614
		50.241584848

	10gateways:
		60.519663972
		85.668756439
		70.56445284
		65.558813023
		63,266580629
		59.905479802

Taktuk:
	5.32038402557373
	5.22188305854797
	5.25386500358582
	5.28409194946289
	5.29317283630371
	5.27003502845764
	5.26985621452332
	5.27205991744995
